Cargo.lock
  h_a8c9574cd6b407 13,15,43,45,86,97,102,104,127,129,133,259,261,328,330,340,342,353,374,376,401,425,427,464,466,470,472-483,501,503,511,513,523,525,532,534,539,544,546,550,552,579,584,586,608,610,629,631,669,682,687-692,702-710,713,715,728,730,737,739,747,808,829,831,839,841,847,852,854,858,863,865,872-902,937,977,986,994,996,1000,1023,1103,1105,1109,1111,1116,1135,1137,1140-1145,1172,1196,1198,1232,1234,1238,1240,1250,1252,1255-1256,1283,1285,1289,1324,1326,1339,1341,1349,1351,1355,1357,1366,1368,1372,1374,1378,1383,1385,1389,1391,1395,1397,1551,1554-1555,1608,1610,1630,1654,1657,1668,1696,1711,1713,1775,1790,1855,1857,1865,1867,1875,1877,1900,1902,1996,1998,2010,2012,2023,2025,2037,2039,2043,2045,2047,2058,2060,2064,2066,2117,2119,2129,2131,2160,2162,2164,2171,2173,2180,2182,2188,2193,2195,2241-2294,2323,2338,2366,2371,2373,2375,2381,2383,2420,2429,2436,2438,2450,2492,2494,2523,2525,2532,2534,2536,2547,2549,2568,2570,2583,2585,2619,2621,2660-2669,2672,2674,2699,2724-2734,2737-2754,2761,2791,2814,2832,2841,2858,2889,2917,2938,2949,2960,2971,3004,3016,3044,3057,3068,3080,3111,3154,3156,3161,3166,3168,3173-3182,3241,3243,3251,3253,3261,3263,3269,3274,3276,3329,3352,3365,3394,3396,3405,3421,3430,3434,3439,3441-3450,3454,3456,3508,3537,3539,3555,3557,3567,3575,3577,3581,3583-3584,3590,3598,3600,3607,3612,3614,3633,3635,3642,3644,3650-3660,3686-3700,3723,3733,3788,3814,3819,3821,3824,3829,3831,3838,3840,3844,3849,3851,3861,3863,3878,3880,3882,3965,3967,3980,3982,3984,3988,4019,4021,4045,4068,4070,4125,4127,4144,4159,4182,4207,4209,4229,4231,4238,4240,4244,4255,4260,4262,4273,4275,4279,4314,4316,4318,4323-4324,4326,4335,4337,4342,4364,4383,4444,4446,4450,4452,4484,4486,4490,4492,4495,4606,4617,4619,4639,4641-4652,4670,4672,4676,4685,4719,4755,4757,4761,4772,4774,4811,4860,4862,4878,4901,4903,4913,4919,4921,4936-4937,4959,4968,4970,5022-5023,5038,5051,5056,5058,5069,5073,5105,5150,5152,5154,5165,5170,5172,5176,5181,5183,5190,5192,5212,5214,5222,5224,5232,5234,5238,5240,5255,5257,5261,5266,5268,5276,5278,5298,5300,5305,5328,5339,5341,5343,5349,5385,5396,5405,5407,5409,5412,5417,5419,5421,5426,5428,5451,5494,5538,5540,5554-5555,5625,5627,5703,5705,5797,5799,5810,5812,5820,5822,5830,5832,5837,5843,5845,5865,5867,5885,5887,5941,5943,5970,5979,6078,6169,6180,6518,6520,6543,6545,6580,6625,6627,6631,6637,6639,6646,6648,6652,6666,6668,6672,6684,6686,6695,6697,6706,6708,6712,6715-6720,6723,6725
---
{
  "schema_version": "authorship/3.0.0",
  "git_ai_version": "1.7.4",
  "base_commit_sha": "ff627ca1908a657e2218332c2c5a13d71ee9c75c",
  "prompts": {},
  "humans": {
    "h_a8c9574cd6b407": {
      "author": "Manuel <m@manuelgruber.com>"
    }
  }
}